##TITLE= Parameter file, TopSpin 4.4.0
##JCAMPDX= 5.0
##DATATYPE= Parameter Values
##NPOINTS= 4	$$ modification sequence number
##ORIGIN= Bruker BioSpin GmbH & Co. KG
##OWNER= etba
$$ 2024-10-12 12:16:37.373 +0200  etba@neo700.itmc.rwth-aachen.de
$$ /opt/nmrdata/etba/111024_32pmmHXY_S_TFLA_MAS_dependence_purch_and_BM_TWC_EB/211//specpar
$$ process /opt/topspin4.4.0/prog/mod/acqdataserver
##$ANCIEN= (0..7)
0 0 0 0 0 0 0 0
##$BF1= 100.13
##$BF2= 100.13
##$BF3= 100.13
##$DEC= 1
##$DECB= 1
##$DEF19F= yes
##$DEFRSEL= yes
##$HPMOD= (0..32)
0 0 0 0 0 0 0 0 0 0 0 0 0 0 0 0 0 0 0 0 0 0 0 0 0 0 0 0 0 0 0 0 0
##$HPPRECH= (0..32)
-1 -1 -1 -1 -1 -1 -1 -1 -1 -1 -1 -1 -1 -1 -1 -1 -1 -1 -1 -1 -1 -1 -1 -1
-1 -1 -1 -1 -1 -1 -1 -1 -1
##$HPSELECT= yes
##$LOCSW19F= -1
##$LOCSW2H= -1
##$NUC1= 1
##$NUC2= 10
##$NUC3= 0
##$NUC4= 0
##$NUC5= 0
##$NUC6= 0
##$NUC7= 0
##$NUC8= 0
##$NUCARR= (0..123)
700.303 700.303 107.500774365 746.971009841 533.483654297 103.057191741
272.164336305 98.405267993 75.238159284 224.685032441 176.091329411 50.606114741
70.961086723 94.936275065 658.943181853 55.283991717 185.243449257 42.869993554
182.476965283 139.130506577 283.487850648 53.75525828 68.615050664 57.114786847
32.67875011 40.631706115 17.936895754 47.130594988 170.115832993 39.479819728
39.490345282 69.822373036 184.200333932 39.584599063 173.599637331 22.674256467
166.161411034 62.579433235 185.688652883 198.91191419 43.816579113 168.082202103
213.569333013 24.428774594 119.91017952 133.558377684 36.539863698 175.453773559
189.12745575 26.944858228 67.613855477 229.142320976 30.349885481 34.3162336
65.102253783 171.407352795 45.638228286 46.596025696 157.626482228 32.250010608
36.145221948 22.314783934 32.046565583 28.346997892 32.588831205 148.572642904
155.41947032 153.126538238 153.454798266 229.130380809 249.533778745 261.147414615
167.586548648 90.753785428 183.267488318 220.9439788 140.113024683 194.755566864
57.732426081 91.85273591 69.571300405 77.824168172 92.400078729 98.922287692
214.4327786 38.1665135 23.5301808 29.2026351 24.0904232 174.0953258 76.8932694
21.4993021 28.2222109 168.3528412 24.0904232 33.7546046 149.4446602 20.1687264
58.0551187 122.548164897 33.76160763 79.86255412 56.94163693 28.06114121
17.62662651 83.963528488 29.177333153 157.740449538 159.330137348 15.983232463
54.381329162 12.03120554 13.10266913 150.542623256 12.10823887 125.430023791
46.301114096 400.035483296 403.961648029 146.507582415 112.533705943 12.895379442
25.4209989 100
##$NUCOFFS= (0..127)
<1H> <13C> <15N> <2H> <79Br> <31P> <83Kr> <19F> <81Br> <14N> <11B> <29Si>
<27Al> <23Na> <10B> <35Cl> <91Zr> <43Ca> <> <> <> <> <> <> <> <> <> <>
<> <> <> <> <> <> <> <> <> <> <> <> <> <> <> <> <> <> <> <> <> <> <> <>
<> <> <> <> <> <> <> <> <> <> <> <> <> <> <> <> <> <> <> <> <> <> <> <>
<> <> <> <> <> <> <> <> <> <> <> <> <> <> <> <> <> <> <> <> <> <> <> <>
<> <> <> <> <> <> <> <> <> <> <> <> <> <> <> <> <> <> <> <> <> <> <> <>
<> <> <> <>
##$OBS= 1
##$OFFS= (0..127)
7438.64 17178.61 0 0 0 0 0 0 0 0 4910.56 0 0 0 0 0 0 0 0 0 0 0 0 0 0 0
0 0 0 0 0 0 0 0 0 0 0 0 0 0 0 0 0 0 0 0 0 0 0 0 0 0 0 0 0 0 0 0 0 0 0 0
0 0 0 0 0 0 0 0 0 0 0 0 0 0 0 0 0 0 0 0 0 0 0 0 0 0 0 0 0 0 0 0 0 0 0 0
0 0 0 0 0 0 0 0 0 0 0 0 0 0 0 0 0 0 0 0 0 0 0 0 0 0 0 0 0 0
##$OFFSF= (0..7)
0 0 0 0 0 0 0 0
##$OFFSH= (0..7)
0 0 0 0 0 0 0 0
##$OFFSX= (0..7)
0 0 0 0 0 0 0 0
##$OFFSXAS= (0..7)
0 0 0 0 0 0 0 0
##$OFSF1= 0
##$OFSF2= 0
##$OFSH1= 0
##$OFSH2= 0
##$OFSH3= 0
##$OFSX1= 0
##$OFSX2= 0
##$OFSY= 0
##$PACOIL= (0..32)
0 0 0 0 0 0 0 0 0 0 0 0 0 0 0 0 0 0 0 0 0 0 0 0 0 0 0 0 0 0 0 0 0
##$PRECHAN= (0..32)
-1 0 2 -1 3 -1 1 -1 -1 -1 -1 -1 -1 -1 -1 -1 -1 -1 -1 -1 -1 -1 -1 -1 -1
-1 -1 -1 -1 -1 -1 -1 -1
##$RECPRE= (0..25)
-1 0 2 3 -1 -1 -1 -1 -1 -1 -1 -1 -1 -1 -1 -1 -1 -1 -1 -1 -1 -1 -1 -1 -1
-1
##$RECPRFX= (0..32)
1 0 1 1 0 0 0 0 0 0 0 0 0 0 0 0 0 0 0 0 0 0 0 0 0 0 0 0 0 0 0 0 0
##$SFO1= 700.305289
##$SFO2= 176.110217
##$SFO3= 700.303
##$SFO4= 700.308632
##$SFO5= 700.308632
##$SFO6= 700.308632
##$SFO7= 700.308632
##$SFO8= 700.308632
##$TY= (0..123)
0 0 0 0 0 0 0 0 0 0 0 0 0 0 0 0 0 0 0 0 0 0 0 0 0 0 0 0 0 0 0 0 0 0 0 0
0 0 0 0 0 0 0 0 0 0 0 0 0 0 0 0 0 0 0 0 0 0 0 0 0 0 0 0 0 0 0 0 0 0 0 0
0 0 0 0 0 0 0 0 0 0 0 0 0 0 0 0 0 0 0 0 0 0 0 0 0 0 0 0 0 0 0 0 0 0 0 0
0 0 0 0 0 0 0 0 0 0 0 0 0 0 0 0
##END=
