P 0
665.894647   665.338778
655.796369   655.333145
647.736276   647.365697
647.273052   646.809828
646.346605   645.883381
636.618906   635.970393
627.076497   626.705918
616.514996   615.773838
599.561007   599.097783
595.762572   595.206703
594.743480   594.372901
556.851777   556.295909
533.042077   532.578853
530.540669   530.077445
528.780418   528.224550
524.981984   524.611405
498.485585   497.929717
399.263059   398.799836
363.131607   362.761028
351.643658   351.087790
321.997339   321.348826
309.490298   309.027074
272.432398   271.969174
264.279660   263.816437
256.868080   256.404857
253.347580   252.977001
234.448051   234.077472
220.551339   219.995470
183.864018   183.400795
160.610186   160.146963
125.497826   124.941958
119.105339   118.642115
105.393916   104.838047
80.657768   80.287189
76.303465   75.747596
70.559490   70.096267
63.147910   62.684687
52.215830   51.474672
45.267474   44.711605
38.319118   37.948539
21.457773   20.901905
13.397680   13.027101
8.024285   7.653706
-11.431112   -11.986981
-13.932521   -14.488389
-28.107167   -28.570391
-51.360999   -51.731578
-58.865224   -59.328448
-76.467726   -76.930950
-79.895582   -80.451450
-81.841122   -82.767569
-82.860214   -87.863030
-87.955675   -88.511543
-108.986033   -109.541901
-152.065841   -152.529065
-160.496513   -160.959737
-166.240488   -166.703712
-178.376950   -178.840174
-184.676793   -185.325306
-189.216386   -189.772254
-191.254570   -191.810438
-206.448309   -207.096822
-207.652691   -208.208559
-209.876165   -210.339388
-249.064893   -249.713407
-275.098068   -275.561291
-280.193529   -280.656753
-281.027332   -281.490555
-295.387268   -296.035781
-330.036404   -330.684917
-340.968484   -341.524353
-364.222316   -364.592895
-379.693989   -380.157213
-392.756899   -393.220123
-401.280216   -401.836084
-402.114018   -402.484597
-410.266756   -410.637335
-459.739052   -460.387566
-461.314013   -461.869881
-467.891790   -468.540303
-471.875514   -472.338738
-521.440455   -522.181613
-554.329341   -554.885209
-572.117133   -572.580356
-580.547805   -581.011029
-586.477069   -586.940292
-609.360322   -609.916190
-620.755626   -621.218850
-630.112745   -630.575969
-640.118378   -640.581602
-644.287392   -644.750616
-670.135277   -670.598501
-678.380660   -678.936528
-745.733392   -746.196616
-760.741841   -761.205065
-786.311792   -786.867661
-787.423529   -787.886753
-792.518990   -792.982214
-816.977204   -817.533072
